900
1
1 1 
2
0 0.5 31 0.5 
1
3 1 
3
33 0.333333333333333 4 0.333333333333333 2 0.333333333333333 
2
3 0.5 5 0.5 
2
4 0.5 6 0.5 
1
5 1 
1
8 1 
2
38 0.5 7 0.5 
1
39 1 
1
40 1 
1
41 1 
1
42 1 
1
43 1 
1
15 1 
3
45 0.333333333333333 14 0.333333333333333 16 0.333333333333333 
1
15 1 
1
18 1 
2
48 0.5 17 0.5 
2
49 0.5 20 0.5 
2
19 0.5 21 0.5 
1
20 1 
2
52 0.5 23 0.5 
1
22 1 
2
54 0.5 25 0.5 
3
24 0.333333333333333 26 0.333333333333333 55 0.333333333333333 
3
25 0.333333333333333 56 0.333333333333333 27 0.333333333333333 
2
26 0.5 28 0.5 
2
27 0.5 29 0.5 
2
28 0.5 59 0.5 
2
31 0.5 60 0.5 
3
1 0.333333333333333 32 0.333333333333333 30 0.333333333333333 
3
31 0.333333333333333 62 0.333333333333333 33 0.333333333333333 
3
32 0.333333333333333 63 0.333333333333333 3 0.333333333333333 
2
64 0.5 35 0.5 
2
34 0.5 36 0.5 
1
35 1 
2
67 0.5 38 0.5 
3
37 0.333333333333333 8 0.333333333333333 39 0.333333333333333 
3
38 0.333333333333333 40 0.333333333333333 9 0.333333333333333 
3
39 0.333333333333333 41 0.333333333333333 10 0.333333333333333 
2
40 0.5 11 0.5 
2
72 0.5 12 0.5 
2
73 0.5 13 0.5 
2
74 0.5 45 0.5 
3
44 0.333333333333333 15 0.333333333333333 46 0.333333333333333 
1
45 1 
1
77 1 
3
78 0.333333333333333 18 0.333333333333333 49 0.333333333333333 
3
48 0.333333333333333 19 0.333333333333333 50 0.333333333333333 
2
49 0.5 51 0.5 
1
50 1 
3
82 0.333333333333333 22 0.333333333333333 53 0.333333333333333 
1
52 1 
2
84 0.5 24 0.5 
1
25 1 
1
26 1 
1
87 1 
1
88 1 
1
29 1 
1
30 1 
1
62 1 
3
32 0.333333333333333 61 0.333333333333333 92 0.333333333333333 
3
33 0.333333333333333 64 0.333333333333333 93 0.333333333333333 
4
63 0.25 34 0.25 94 0.25 65 0.25 
2
64 0.5 66 0.5 
2
65 0.5 67 0.5 
2
66 0.5 37 0.5 
2
98 0.5 69 0.5 
2
68 0.5 70 0.5 
1
69 1 
2
101 0.5 72 0.5 
2
71 0.5 42 0.5 
2
103 0.5 43 0.5 
3
104 0.333333333333333 44 0.333333333333333 75 0.333333333333333 
1
74 1 
1
77 1 
3
107 0.333333333333333 76 0.333333333333333 47 0.333333333333333 
2
108 0.5 48 0.5 
2
109 0.5 80 0.5 
2
79 0.5 81 0.5 
2
80 0.5 82 0.5 
3
81 0.333333333333333 83 0.333333333333333 52 0.333333333333333 
2
82 0.5 113 0.5 
2
114 0.5 54 0.5 
2
115 0.5 86 0.5 
2
85 0.5 87 0.5 
3
86 0.333333333333333 57 0.333333333333333 88 0.333333333333333 
2
87 0.5 58 0.5 
1
119 1 
1
120 1 
2
92 0.5 121 0.5 
3
62 0.333333333333333 91 0.333333333333333 122 0.333333333333333 
1
63 1 
3
64 0.333333333333333 95 0.333333333333333 124 0.333333333333333 
3
94 0.333333333333333 96 0.333333333333333 125 0.333333333333333 
3
95 0.333333333333333 97 0.333333333333333 126 0.333333333333333 
3
96 0.333333333333333 127 0.333333333333333 98 0.333333333333333 
3
97 0.333333333333333 68 0.333333333333333 99 0.333333333333333 
1
98 1 
2
130 0.5 101 0.5 
2
100 0.5 71 0.5 
1
132 1 
3
133 0.333333333333333 104 0.333333333333333 73 0.333333333333333 
2
103 0.5 74 0.5 
2
135 0.5 106 0.5 
2
105 0.5 107 0.5 
4
106 0.25 77 0.25 108 0.25 137 0.25 
4
107 0.25 78 0.25 138 0.25 109 0.25 
2
108 0.5 79 0.5 
2
140 0.5 111 0.5 
1
110 1 
1
142 1 
1
83 1 
2
144 0.5 84 0.5 
2
145 0.5 85 0.5 
2
146 0.5 117 0.5 
1
116 1 
1
148 1 
2
149 0.5 89 0.5 
3
121 0.333333333333333 90 0.333333333333333 150 0.333333333333333 
3
91 0.333333333333333 120 0.333333333333333 151 0.333333333333333 
1
92 1 
1
124 1 
3
94 0.333333333333333 123 0.333333333333333 154 0.333333333333333 
1
95 1 
2
96 0.5 156 0.5 
2
97 0.5 157 0.5 
2
158 0.5 129 0.5 
2
128 0.5 130 0.5 
4
129 0.25 100 0.25 131 0.25 160 0.25 
2
130 0.5 132 0.5 
4
131 0.25 162 0.25 133 0.25 102 0.25 
4
132 0.25 134 0.25 103 0.25 163 0.25 
3
133 0.333333333333333 164 0.333333333333333 135 0.333333333333333 
4
134 0.25 165 0.25 105 0.25 136 0.25 
1
135 1 
1
107 1 
2
108 0.5 139 0.5 
1
138 1 
3
170 0.333333333333333 141 0.333333333333333 110 0.333333333333333 
2
140 0.5 142 0.5 
3
141 0.333333333333333 172 0.333333333333333 112 0.333333333333333 
2
173 0.5 144 0.5 
2
143 0.5 114 0.5 
3
175 0.333333333333333 115 0.333333333333333 146 0.333333333333333 
2
145 0.5 116 0.5 
2
177 0.5 148 0.5 
3
147 0.333333333333333 149 0.333333333333333 118 0.333333333333333 
2
148 0.5 119 0.5 
2
120 0.5 180 0.5 
3
121 0.333333333333333 152 0.333333333333333 181 0.333333333333333 
2
151 0.5 182 0.5 
1
183 1 
1
124 1 
2
156 0.5 185 0.5 
2
126 0.5 155 0.5 
3
127 0.333333333333333 187 0.333333333333333 158 0.333333333333333 
3
157 0.333333333333333 159 0.333333333333333 128 0.333333333333333 
1
158 1 
1
130 1 
1
162 1 
2
132 0.5 161 0.5 
2
133 0.5 193 0.5 
1
134 1 
2
135 0.5 195 0.5 
2
196 0.5 167 0.5 
1
166 1 
1
198 1 
2
199 0.5 170 0.5 
2
169 0.5 140 0.5 
1
172 1 
3
142 0.333333333333333 173 0.333333333333333 171 0.333333333333333 
4
172 0.25 174 0.25 143 0.25 203 0.25 
2
173 0.5 175 0.5 
4
174 0.25 205 0.25 176 0.25 145 0.25 
2
175 0.5 206 0.5 
2
207 0.5 147 0.5 
2
208 0.5 179 0.5 
1
178 1 
2
150 0.5 210 0.5 
1
151 1 
2
152 0.5 212 0.5 
2
213 0.5 153 0.5 
2
185 0.5 214 0.5 
2
155 0.5 184 0.5 
2
187 0.5 216 0.5 
4
157 0.25 188 0.25 186 0.25 217 0.25 
2
187 0.5 189 0.5 
3
188 0.333333333333333 219 0.333333333333333 190 0.333333333333333 
1
189 1 
1
221 1 
1
193 1 
3
163 0.333333333333333 223 0.333333333333333 192 0.333333333333333 
1
195 1 
4
165 0.25 196 0.25 194 0.25 225 0.25 
4
195 0.25 226 0.25 166 0.25 197 0.25 
3
196 0.333333333333333 227 0.333333333333333 198 0.333333333333333 
3
197 0.333333333333333 199 0.333333333333333 168 0.333333333333333 
3
198 0.333333333333333 169 0.333333333333333 200 0.333333333333333 
1
199 1 
1
231 1 
2
203 0.5 232 0.5 
2
173 0.5 202 0.5 
2
205 0.5 234 0.5 
2
175 0.5 204 0.5 
3
176 0.333333333333333 236 0.333333333333333 207 0.333333333333333 
4
206 0.25 237 0.25 208 0.25 177 0.25 
3
207 0.333333333333333 209 0.333333333333333 178 0.333333333333333 
1
208 1 
1
180 1 
1
212 1 
4
182 0.25 211 0.25 213 0.25 242 0.25 
3
212 0.333333333333333 183 0.333333333333333 243 0.333333333333333 
1
184 1 
1
216 1 
2
186 0.5 215 0.5 
1
187 1 
1
219 1 
3
189 0.333333333333333 220 0.333333333333333 218 0.333333333333333 
2
219 0.5 221 0.5 
4
220 0.25 222 0.25 251 0.25 191 0.25 
2
221 0.5 252 0.5 
1
193 1 
1
254 1 
2
195 0.5 255 0.5 
2
196 0.5 256 0.5 
2
197 0.5 228 0.5 
3
227 0.333333333333333 258 0.333333333333333 229 0.333333333333333 
2
228 0.5 230 0.5 
2
229 0.5 231 0.5 
3
230 0.333333333333333 261 0.333333333333333 201 0.333333333333333 
2
202 0.5 233 0.5 
2
232 0.5 263 0.5 
2
204 0.5 264 0.5 
1
236 1 
3
206 0.333333333333333 266 0.333333333333333 235 0.333333333333333 
3
207 0.333333333333333 238 0.333333333333333 267 0.333333333333333 
1
237 1 
1
269 1 
1
241 1 
3
242 0.333333333333333 240 0.333333333333333 271 0.333333333333333 
3
212 0.333333333333333 241 0.333333333333333 272 0.333333333333333 
3
213 0.333333333333333 244 0.333333333333333 273 0.333333333333333 
3
243 0.333333333333333 274 0.333333333333333 245 0.333333333333333 
2
244 0.5 246 0.5 
3
245 0.333333333333333 276 0.333333333333333 247 0.333333333333333 
2
246 0.5 248 0.5 
2
247 0.5 249 0.5 
1
248 1 
1
280 1 
1
221 1 
2
222 0.5 253 0.5 
2
252 0.5 254 0.5 
2
253 0.5 224 0.5 
2
225 0.5 285 0.5 
2
226 0.5 286 0.5 
2
258 0.5 287 0.5 
3
228 0.333333333333333 257 0.333333333333333 259 0.333333333333333 
3
258 0.333333333333333 289 0.333333333333333 260 0.333333333333333 
2
259 0.5 290 0.5 
3
231 0.333333333333333 262 0.333333333333333 291 0.333333333333333 
2
261 0.5 292 0.5 
2
233 0.5 293 0.5 
1
234 1 
2
266 0.5 295 0.5 
3
236 0.333333333333333 265 0.333333333333333 296 0.333333333333333 
2
237 0.5 268 0.5 
2
267 0.5 269 0.5 
3
268 0.333333333333333 299 0.333333333333333 239 0.333333333333333 
2
271 0.5 300 0.5 
3
241 0.333333333333333 270 0.333333333333333 301 0.333333333333333 
2
242 0.5 302 0.5 
1
243 1 
3
244 0.333333333333333 304 0.333333333333333 275 0.333333333333333 
1
274 1 
2
246 0.5 277 0.5 
2
276 0.5 307 0.5 
1
308 1 
1
280 1 
3
310 0.333333333333333 279 0.333333333333333 250 0.333333333333333 
2
311 0.5 282 0.5 
2
281 0.5 283 0.5 
2
282 0.5 284 0.5 
2
283 0.5 314 0.5 
2
255 0.5 315 0.5 
2
256 0.5 316 0.5 
1
257 1 
1
289 1 
2
259 0.5 288 0.5 
1
260 1 
2
261 0.5 321 0.5 
2
262 0.5 322 0.5 
2
263 0.5 294 0.5 
1
293 1 
2
265 0.5 325 0.5 
2
266 0.5 297 0.5 
2
296 0.5 327 0.5 
1
299 1 
3
269 0.333333333333333 298 0.333333333333333 329 0.333333333333333 
1
270 1 
1
271 1 
3
272 0.333333333333333 303 0.333333333333333 332 0.333333333333333 
1
302 1 
2
274 0.5 334 0.5 
1
306 1 
2
307 0.5 305 0.5 
3
277 0.333333333333333 308 0.333333333333333 306 0.333333333333333 
3
307 0.333333333333333 309 0.333333333333333 278 0.333333333333333 
3
308 0.333333333333333 310 0.333333333333333 339 0.333333333333333 
4
309 0.25 311 0.25 340 0.25 280 0.25 
4
310 0.25 281 0.25 341 0.25 312 0.25 
3
311 0.333333333333333 313 0.333333333333333 342 0.333333333333333 
2
312 0.5 343 0.5 
1
284 1 
2
285 0.5 345 0.5 
3
286 0.333333333333333 317 0.333333333333333 346 0.333333333333333 
3
316 0.333333333333333 318 0.333333333333333 347 0.333333333333333 
3
317 0.333333333333333 348 0.333333333333333 319 0.333333333333333 
1
318 1 
1
321 1 
2
291 0.5 320 0.5 
2
292 0.5 323 0.5 
2
322 0.5 324 0.5 
1
323 1 
3
295 0.333333333333333 355 0.333333333333333 326 0.333333333333333 
1
325 1 
2
297 0.5 328 0.5 
2
327 0.5 358 0.5 
1
299 1 
2
331 0.5 360 0.5 
2
332 0.5 330 0.5 
3
302 0.333333333333333 331 0.333333333333333 362 0.333333333333333 
1
334 1 
4
304 0.25 335 0.25 364 0.25 333 0.25 
3
334 0.333333333333333 365 0.333333333333333 336 0.333333333333333 
3
335 0.333333333333333 366 0.333333333333333 337 0.333333333333333 
1
336 1 
1
339 1 
3
309 0.333333333333333 369 0.333333333333333 338 0.333333333333333 
2
310 0.5 370 0.5 
1
311 1 
1
312 1 
3
313 0.333333333333333 344 0.333333333333333 373 0.333333333333333 
1
343 1 
2
315 0.5 375 0.5 
2
316 0.5 376 0.5 
2
317 0.5 377 0.5 
2
318 0.5 349 0.5 
3
348 0.333333333333333 379 0.333333333333333 350 0.333333333333333 
2
349 0.5 351 0.5 
1
350 1 
1
353 1 
2
354 0.5 352 0.5 
3
355 0.333333333333333 353 0.333333333333333 384 0.333333333333333 
3
325 0.333333333333333 354 0.333333333333333 356 0.333333333333333 
3
355 0.333333333333333 386 0.333333333333333 357 0.333333333333333 
1
356 1 
2
328 0.5 359 0.5 
2
358 0.5 389 0.5 
3
330 0.333333333333333 390 0.333333333333333 361 0.333333333333333 
1
360 1 
1
332 1 
2
364 0.5 393 0.5 
2
334 0.5 363 0.5 
2
335 0.5 395 0.5 
2
336 0.5 396 0.5 
1
368 1 
2
369 0.5 367 0.5 
3
339 0.333333333333333 399 0.333333333333333 368 0.333333333333333 
3
340 0.333333333333333 371 0.333333333333333 400 0.333333333333333 
2
370 0.5 372 0.5 
2
371 0.5 402 0.5 
2
343 0.5 374 0.5 
2
373 0.5 404 0.5 
2
345 0.5 405 0.5 
1
346 1 
2
347 0.5 378 0.5 
2
377 0.5 408 0.5 
2
349 0.5 380 0.5 
3
379 0.333333333333333 381 0.333333333333333 410 0.333333333333333 
3
380 0.333333333333333 411 0.333333333333333 382 0.333333333333333 
1
381 1 
1
384 1 
3
354 0.333333333333333 385 0.333333333333333 383 0.333333333333333 
2
384 0.5 415 0.5 
2
356 0.5 416 0.5 
2
417 0.5 388 0.5 
1
387 1 
1
359 1 
3
360 0.333333333333333 391 0.333333333333333 420 0.333333333333333 
2
390 0.5 421 0.5 
1
393 1 
3
363 0.333333333333333 394 0.333333333333333 392 0.333333333333333 
2
393 0.5 424 0.5 
1
365 1 
3
366 0.333333333333333 426 0.333333333333333 397 0.333333333333333 
1
396 1 
2
399 0.5 428 0.5 
2
369 0.5 398 0.5 
2
370 0.5 430 0.5 
1
431 1 
3
372 0.333333333333333 432 0.333333333333333 403 0.333333333333333 
1
402 1 
2
374 0.5 434 0.5 
2
375 0.5 406 0.5 
1
405 1 
1
408 1 
3
378 0.333333333333333 409 0.333333333333333 407 0.333333333333333 
2
408 0.5 439 0.5 
1
380 1 
3
381 0.333333333333333 441 0.333333333333333 412 0.333333333333333 
2
411 0.5 413 0.5 
3
412 0.333333333333333 443 0.333333333333333 414 0.333333333333333 
1
413 1 
2
385 0.5 445 0.5 
2
386 0.5 417 0.5 
4
416 0.25 387 0.25 418 0.25 447 0.25 
3
417 0.333333333333333 419 0.333333333333333 448 0.333333333333333 
1
418 1 
1
390 1 
1
391 1 
2
423 0.5 452 0.5 
2
424 0.5 422 0.5 
3
394 0.333333333333333 423 0.333333333333333 454 0.333333333333333 
1
426 1 
4
396 0.25 425 0.25 456 0.25 427 0.25 
1
426 1 
1
398 1 
2
430 0.5 459 0.5 
4
400 0.25 431 0.25 429 0.25 460 0.25 
3
430 0.333333333333333 401 0.333333333333333 461 0.333333333333333 
1
402 1 
1
463 1 
2
404 0.5 435 0.5 
2
434 0.5 465 0.5 
1
437 1 
3
438 0.333333333333333 467 0.333333333333333 436 0.333333333333333 
3
439 0.333333333333333 468 0.333333333333333 437 0.333333333333333 
3
409 0.333333333333333 440 0.333333333333333 438 0.333333333333333 
2
439 0.5 470 0.5 
1
411 1 
1
472 1 
2
413 0.5 473 0.5 
1
474 1 
2
415 0.5 446 0.5 
2
445 0.5 476 0.5 
2
417 0.5 477 0.5 
3
418 0.333333333333333 449 0.333333333333333 478 0.333333333333333 
2
448 0.5 479 0.5 
1
451 1 
2
452 0.5 450 0.5 
2
422 0.5 451 0.5 
1
454 1 
2
424 0.5 453 0.5 
1
485 1 
3
426 0.333333333333333 486 0.333333333333333 457 0.333333333333333 
1
456 1 
1
488 1 
1
429 1 
2
430 0.5 490 0.5 
2
431 0.5 462 0.5 
3
461 0.333333333333333 463 0.333333333333333 492 0.333333333333333 
3
462 0.333333333333333 464 0.333333333333333 433 0.333333333333333 
2
463 0.5 494 0.5 
1
435 1 
1
467 1 
2
437 0.5 466 0.5 
3
438 0.333333333333333 469 0.333333333333333 498 0.333333333333333 
2
468 0.5 499 0.5 
2
440 0.5 471 0.5 
2
470 0.5 501 0.5 
2
502 0.5 442 0.5 
2
443 0.5 474 0.5 
4
473 0.25 504 0.25 475 0.25 444 0.25 
1
474 1 
1
446 1 
2
447 0.5 507 0.5 
2
448 0.5 508 0.5 
2
449 0.5 509 0.5 
2
481 0.5 510 0.5 
3
482 0.333333333333333 480 0.333333333333333 511 0.333333333333333 
2
483 0.5 481 0.5 
3
484 0.333333333333333 513 0.333333333333333 482 0.333333333333333 
3
485 0.333333333333333 483 0.333333333333333 514 0.333333333333333 
4
486 0.25 484 0.25 515 0.25 455 0.25 
4
456 0.25 516 0.25 487 0.25 485 0.25 
3
486 0.333333333333333 517 0.333333333333333 488 0.333333333333333 
2
487 0.5 458 0.5 
1
490 1 
3
460 0.333333333333333 489 0.333333333333333 491 0.333333333333333 
1
490 1 
2
462 0.5 493 0.5 
2
492 0.5 523 0.5 
2
464 0.5 495 0.5 
2
494 0.5 496 0.5 
1
495 1 
1
498 1 
3
468 0.333333333333333 497 0.333333333333333 528 0.333333333333333 
2
469 0.5 529 0.5 
1
501 1 
3
471 0.333333333333333 502 0.333333333333333 500 0.333333333333333 
3
501 0.333333333333333 472 0.333333333333333 503 0.333333333333333 
1
502 1 
3
474 0.333333333333333 505 0.333333333333333 534 0.333333333333333 
2
504 0.5 506 0.5 
1
505 1 
1
477 1 
1
478 1 
2
479 0.5 539 0.5 
1
480 1 
1
481 1 
1
513 1 
3
483 0.333333333333333 543 0.333333333333333 512 0.333333333333333 
2
484 0.5 544 0.5 
2
485 0.5 545 0.5 
2
486 0.5 546 0.5 
2
487 0.5 518 0.5 
3
517 0.333333333333333 519 0.333333333333333 548 0.333333333333333 
3
518 0.333333333333333 549 0.333333333333333 520 0.333333333333333 
3
519 0.333333333333333 521 0.333333333333333 550 0.333333333333333 
3
520 0.333333333333333 551 0.333333333333333 522 0.333333333333333 
2
521 0.5 552 0.5 
1
493 1 
2
554 0.5 525 0.5 
1
524 1 
1
556 1 
1
528 1 
3
498 0.333333333333333 527 0.333333333333333 558 0.333333333333333 
3
499 0.333333333333333 530 0.333333333333333 559 0.333333333333333 
3
529 0.333333333333333 531 0.333333333333333 560 0.333333333333333 
3
530 0.333333333333333 532 0.333333333333333 561 0.333333333333333 
1
531 1 
1
534 1 
4
504 0.25 564 0.25 533 0.25 535 0.25 
2
534 0.5 536 0.5 
2
535 0.5 537 0.5 
3
536 0.333333333333333 538 0.333333333333333 567 0.333333333333333 
2
537 0.5 568 0.5 
1
509 1 
1
541 1 
2
542 0.5 540 0.5 
2
543 0.5 541 0.5 
2
513 0.5 542 0.5 
1
514 1 
1
515 1 
3
516 0.333333333333333 576 0.333333333333333 547 0.333333333333333 
1
546 1 
1
518 1 
2
519 0.5 579 0.5 
1
520 1 
2
521 0.5 581 0.5 
3
522 0.333333333333333 553 0.333333333333333 582 0.333333333333333 
2
552 0.5 554 0.5 
3
553 0.333333333333333 524 0.333333333333333 584 0.333333333333333 
2
585 0.5 556 0.5 
3
555 0.333333333333333 557 0.333333333333333 526 0.333333333333333 
1
556 1 
1
528 1 
1
529 1 
2
530 0.5 590 0.5 
2
531 0.5 562 0.5 
3
561 0.333333333333333 563 0.333333333333333 592 0.333333333333333 
2
562 0.5 593 0.5 
2
534 0.5 565 0.5 
3
564 0.333333333333333 566 0.333333333333333 595 0.333333333333333 
2
565 0.5 596 0.5 
1
537 1 
3
538 0.333333333333333 569 0.333333333333333 598 0.333333333333333 
2
568 0.5 599 0.5 
2
571 0.5 600 0.5 
3
572 0.333333333333333 570 0.333333333333333 601 0.333333333333333 
2
573 0.5 571 0.5 
2
603 0.5 572 0.5 
2
575 0.5 604 0.5 
2
576 0.5 574 0.5 
4
546 0.25 575 0.25 606 0.25 577 0.25 
2
576 0.5 578 0.5 
1
577 1 
3
549 0.333333333333333 609 0.333333333333333 580 0.333333333333333 
1
579 1 
2
551 0.5 611 0.5 
3
552 0.333333333333333 583 0.333333333333333 612 0.333333333333333 
1
582 1 
3
554 0.333333333333333 585 0.333333333333333 614 0.333333333333333 
3
584 0.333333333333333 555 0.333333333333333 586 0.333333333333333 
1
585 1 
1
617 1 
2
589 0.5 618 0.5 
2
590 0.5 588 0.5 
2
560 0.5 589 0.5 
1
592 1 
3
562 0.333333333333333 622 0.333333333333333 591 0.333333333333333 
3
563 0.333333333333333 623 0.333333333333333 594 0.333333333333333 
2
593 0.5 624 0.5 
1
565 1 
1
566 1 
2
598 0.5 627 0.5 
3
568 0.333333333333333 597 0.333333333333333 628 0.333333333333333 
1
569 1 
1
570 1 
1
571 1 
1
632 1 
2
604 0.5 573 0.5 
3
574 0.333333333333333 634 0.333333333333333 603 0.333333333333333 
1
606 1 
3
576 0.333333333333333 605 0.333333333333333 636 0.333333333333333 
2
637 0.5 608 0.5 
2
607 0.5 638 0.5 
2
579 0.5 610 0.5 
2
609 0.5 640 0.5 
1
581 1 
2
582 0.5 642 0.5 
2
614 0.5 643 0.5 
4
584 0.25 615 0.25 613 0.25 644 0.25 
2
614 0.5 645 0.5 
2
646 0.5 617 0.5 
3
616 0.333333333333333 647 0.333333333333333 587 0.333333333333333 
3
588 0.333333333333333 619 0.333333333333333 648 0.333333333333333 
2
618 0.5 620 0.5 
2
619 0.5 621 0.5 
1
620 1 
1
592 1 
2
593 0.5 653 0.5 
1
594 1 
1
655 1 
1
627 1 
2
597 0.5 626 0.5 
3
598 0.333333333333333 629 0.333333333333333 658 0.333333333333333 
1
628 1 
1
631 1 
2
632 0.5 630 0.5 
3
633 0.333333333333333 602 0.333333333333333 631 0.333333333333333 
2
663 0.5 632 0.5 
3
604 0.333333333333333 664 0.333333333333333 635 0.333333333333333 
2
634 0.5 665 0.5 
2
606 0.5 637 0.5 
2
636 0.5 607 0.5 
1
608 1 
1
640 1 
3
610 0.333333333333333 639 0.333333333333333 670 0.333333333333333 
1
642 1 
2
612 0.5 641 0.5 
2
613 0.5 673 0.5 
2
614 0.5 674 0.5 
3
615 0.333333333333333 675 0.333333333333333 646 0.333333333333333 
2
645 0.5 616 0.5 
1
617 1 
2
618 0.5 649 0.5 
1
648 1 
1
651 1 
2
652 0.5 650 0.5 
2
653 0.5 651 0.5 
4
623 0.25 654 0.25 652 0.25 683 0.25 
3
653 0.333333333333333 684 0.333333333333333 655 0.333333333333333 
3
654 0.333333333333333 625 0.333333333333333 656 0.333333333333333 
2
655 0.5 657 0.5 
2
656 0.5 687 0.5 
3
628 0.333333333333333 688 0.333333333333333 659 0.333333333333333 
2
658 0.5 689 0.5 
1
690 1 
1
691 1 
2
663 0.5 692 0.5 
3
664 0.333333333333333 633 0.333333333333333 662 0.333333333333333 
3
634 0.333333333333333 663 0.333333333333333 694 0.333333333333333 
2
635 0.5 666 0.5 
3
665 0.333333333333333 696 0.333333333333333 667 0.333333333333333 
1
666 1 
2
698 0.5 669 0.5 
2
668 0.5 699 0.5 
2
640 0.5 671 0.5 
1
670 1 
2
673 0.5 702 0.5 
2
643 0.5 672 0.5 
2
644 0.5 704 0.5 
2
645 0.5 676 0.5 
2
675 0.5 677 0.5 
2
676 0.5 678 0.5 
2
677 0.5 679 0.5 
3
678 0.333333333333333 709 0.333333333333333 680 0.333333333333333 
1
679 1 
1
711 1 
2
683 0.5 712 0.5 
2
653 0.5 682 0.5 
3
654 0.333333333333333 685 0.333333333333333 714 0.333333333333333 
2
684 0.5 686 0.5 
2
685 0.5 716 0.5 
1
657 1 
2
658 0.5 718 0.5 
2
659 0.5 719 0.5 
2
691 0.5 660 0.5 
4
692 0.25 690 0.25 721 0.25 661 0.25 
2
662 0.5 691 0.5 
1
694 1 
3
664 0.333333333333333 724 0.333333333333333 693 0.333333333333333 
1
696 1 
4
666 0.25 697 0.25 695 0.25 726 0.25 
3
696 0.333333333333333 698 0.333333333333333 727 0.333333333333333 
2
697 0.5 668 0.5 
3
669 0.333333333333333 700 0.333333333333333 729 0.333333333333333 
3
699 0.333333333333333 701 0.333333333333333 730 0.333333333333333 
1
700 1 
3
672 0.333333333333333 732 0.333333333333333 703 0.333333333333333 
1
702 1 
3
674 0.333333333333333 705 0.333333333333333 734 0.333333333333333 
2
704 0.5 706 0.5 
3
705 0.333333333333333 736 0.333333333333333 707 0.333333333333333 
2
706 0.5 708 0.5 
1
707 1 
2
679 0.5 739 0.5 
1
740 1 
2
741 0.5 681 0.5 
1
682 1 
1
714 1 
3
684 0.333333333333333 713 0.333333333333333 744 0.333333333333333 
1
745 1 
3
686 0.333333333333333 717 0.333333333333333 746 0.333333333333333 
2
716 0.5 747 0.5 
1
688 1 
1
689 1 
1
721 1 
3
691 0.333333333333333 751 0.333333333333333 720 0.333333333333333 
2
723 0.5 752 0.5 
2
724 0.5 722 0.5 
4
694 0.25 723 0.25 725 0.25 754 0.25 
2
724 0.5 755 0.5 
2
696 0.5 756 0.5 
2
697 0.5 757 0.5 
1
729 1 
3
699 0.333333333333333 759 0.333333333333333 728 0.333333333333333 
2
700 0.5 731 0.5 
1
730 1 
2
702 0.5 762 0.5 
1
734 1 
4
704 0.25 764 0.25 735 0.25 733 0.25 
2
734 0.5 765 0.5 
2
706 0.5 766 0.5 
1
738 1 
2
739 0.5 737 0.5 
4
709 0.25 769 0.25 738 0.25 740 0.25 
2
739 0.5 710 0.5 
3
771 0.333333333333333 711 0.333333333333333 742 0.333333333333333 
2
741 0.5 743 0.5 
2
742 0.5 773 0.5 
3
714 0.333333333333333 774 0.333333333333333 745 0.333333333333333 
2
744 0.5 715 0.5 
1
716 1 
3
717 0.333333333333333 777 0.333333333333333 748 0.333333333333333 
3
747 0.333333333333333 749 0.333333333333333 778 0.333333333333333 
1
748 1 
1
751 1 
3
721 0.333333333333333 781 0.333333333333333 750 0.333333333333333 
2
722 0.5 782 0.5 
1
754 1 
3
724 0.333333333333333 784 0.333333333333333 753 0.333333333333333 
1
725 1 
1
726 1 
2
727 0.5 787 0.5 
1
759 1 
4
729 0.25 789 0.25 758 0.25 760 0.25 
2
759 0.5 761 0.5 
1
760 1 
1
732 1 
2
764 0.5 793 0.5 
3
734 0.333333333333333 763 0.333333333333333 794 0.333333333333333 
2
735 0.5 795 0.5 
3
736 0.333333333333333 796 0.333333333333333 767 0.333333333333333 
1
766 1 
1
769 1 
4
739 0.25 770 0.25 799 0.25 768 0.25 
3
769 0.333333333333333 771 0.333333333333333 800 0.333333333333333 
4
770 0.25 741 0.25 772 0.25 801 0.25 
2
771 0.5 802 0.5 
1
743 1 
3
744 0.333333333333333 775 0.333333333333333 804 0.333333333333333 
2
774 0.5 805 0.5 
1
777 1 
2
747 0.5 776 0.5 
2
748 0.5 779 0.5 
2
778 0.5 809 0.5 
2
781 0.5 810 0.5 
2
751 0.5 780 0.5 
2
752 0.5 783 0.5 
2
782 0.5 813 0.5 
2
754 0.5 814 0.5 
2
786 0.5 815 0.5 
3
787 0.333333333333333 785 0.333333333333333 816 0.333333333333333 
4
757 0.25 786 0.25 788 0.25 817 0.25 
1
787 1 
3
759 0.333333333333333 819 0.333333333333333 790 0.333333333333333 
2
789 0.5 791 0.5 
2
790 0.5 792 0.5 
1
791 1 
1
763 1 
1
764 1 
1
765 1 
3
766 0.333333333333333 826 0.333333333333333 797 0.333333333333333 
1
796 1 
2
799 0.5 828 0.5 
3
769 0.333333333333333 798 0.333333333333333 829 0.333333333333333 
2
770 0.5 830 0.5 
1
771 1 
3
772 0.333333333333333 803 0.333333333333333 832 0.333333333333333 
2
802 0.5 833 0.5 
1
774 1 
3
775 0.333333333333333 835 0.333333333333333 806 0.333333333333333 
2
805 0.5 807 0.5 
3
806 0.333333333333333 837 0.333333333333333 808 0.333333333333333 
1
807 1 
1
779 1 
2
780 0.5 840 0.5 
1
812 1 
2
813 0.5 811 0.5 
3
783 0.333333333333333 843 0.333333333333333 812 0.333333333333333 
2
784 0.5 844 0.5 
1
785 1 
2
786 0.5 846 0.5 
1
787 1 
2
819 0.5 848 0.5 
4
789 0.25 820 0.25 818 0.25 849 0.25 
3
819 0.333333333333333 821 0.333333333333333 850 0.333333333333333 
2
820 0.5 822 0.5 
3
821 0.333333333333333 823 0.333333333333333 852 0.333333333333333 
2
822 0.5 824 0.5 
1
823 1 
2
826 0.5 855 0.5 
4
796 0.25 827 0.25 856 0.25 825 0.25 
2
826 0.5 857 0.5 
1
798 1 
1
799 1 
3
800 0.333333333333333 860 0.333333333333333 831 0.333333333333333 
1
830 1 
1
802 1 
1
803 1 
2
835 0.5 864 0.5 
4
805 0.25 834 0.25 865 0.25 836 0.25 
1
835 1 
3
807 0.333333333333333 838 0.333333333333333 867 0.333333333333333 
3
837 0.333333333333333 868 0.333333333333333 839 0.333333333333333 
1
838 1 
1
810 1 
1
842 1 
2
843 0.5 841 0.5 
2
813 0.5 842 0.5 
3
814 0.333333333333333 874 0.333333333333333 845 0.333333333333333 
1
844 1 
2
816 0.5 876 0.5 
1
848 1 
2
818 0.5 847 0.5 
2
819 0.5 879 0.5 
1
820 1 
1
852 1 
3
822 0.333333333333333 853 0.333333333333333 851 0.333333333333333 
3
852 0.333333333333333 883 0.333333333333333 854 0.333333333333333 
1
853 1 
2
825 0.5 885 0.5 
2
826 0.5 886 0.5 
3
827 0.333333333333333 858 0.333333333333333 887 0.333333333333333 
3
857 0.333333333333333 888 0.333333333333333 859 0.333333333333333 
1
858 1 
2
830 0.5 861 0.5 
2
860 0.5 862 0.5 
2
861 0.5 892 0.5 
1
864 1 
3
834 0.333333333333333 863 0.333333333333333 894 0.333333333333333 
2
835 0.5 866 0.5 
1
865 1 
2
837 0.5 897 0.5 
2
838 0.5 869 0.5 
2
868 0.5 899 0.5 
1
871 1 
2
872 0.5 870 0.5 
2
873 0.5 871 0.5 
2
874 0.5 872 0.5 
2
844 0.5 873 0.5 
1
876 1 
3
846 0.333333333333333 877 0.333333333333333 875 0.333333333333333 
2
876 0.5 878 0.5 
1
877 1 
2
849 0.5 880 0.5 
2
879 0.5 881 0.5 
1
880 1 
1
883 1 
3
853 0.333333333333333 882 0.333333333333333 884 0.333333333333333 
1
883 1 
1
855 1 
1
856 1 
1
857 1 
2
858 0.5 889 0.5 
2
888 0.5 890 0.5 
1
889 1 
1
892 1 
2
862 0.5 891 0.5 
1
894 1 
3
864 0.333333333333333 893 0.333333333333333 895 0.333333333333333 
2
894 0.5 896 0.5 
1
895 1 
1
867 1 
1
899 1 
2
869 0.5 898 0.5 
